3,2
3,1
3,3
480,4
480,3
480,2
480,1
10,243
480,0
479,2
10,20
479,0
478,10
478,9
478,8
478,7
10,166
10,119
10,212
10,204
10,128
10,262
10,2
10,3
11,30
11,8
11,27
11,24
9,7
9,5
9,3
478,6
478,5
478,4
478,3
478,2
478,1
8,9
478,0
476,5
476,4
476,3
8,16
476,2
476,1
8,5
476,0
475,3
8,14
475,2
475,1
8,6
475,0
421,3
421,2
421,1
421,0
420,4
420,3
420,2
420,1
12,2
420,0
419,7
419,6
419,5
419,4
419,3
419,2
419,1
419,0
413,5
413,4
413,3
413,2
413,1
413,0
412,5
412,4
412,3
412,2
412,1
412,0
411,4
411,3
411,2
411,1
411,0
407,4
407,3
407,2
407,1
407,0
404,4
404,3
404,2
404,1
404,0
401,3
401,2
401,1
401,0
400,3
400,1
382,11
382,10
382,9
382,3
382,1
381,4
381,3
381,1
380,6
380,5
380,1
20,3
20,2
20,1
19,3
19,2
19,1
12,1
12,3
11,22
11,20
11,14
11,7
